00111111000000000000000000000000 10111110111000000000000000000000
00111111000000000000000000000000 00111110111000000000000000000000
00111111000000000000000000000000 00111111000000000000000000000000
00111111000000000000000000000000 10111111000000000000000000000000
00000101001010101010101010101010 00000100101010101010101010101011
00000000000000000000000000000000 00000000000000000000000000000000
00111111100000000000000000000000 00000000000000000000000000000000
00111111100000000000000000000000 00111111100000000000000000000000
01000000011001000101101000011101 00000000000000000000000000000000
00000000000000000000000000000000 01000000011001000101101000011101
01111111100000000000000000000000 01111111100000000000000000000000
01111111100000000000000000000000 01000000011001000101101000011101
11111111100000000000000000000000 11111111100000000000000000000000
11111111100000000000000000000000 01000000011001000101101000011101
01111111100000000000000000000000 11111111100000000000000000000000
01111111111111111111111111111111 01111111111111111111111111111111
11111111111111111111111111111111 11111111111111111111111111111111
01111111111111111111111111111111 01000000011001000101101000011101
00000000000000000001101111100111 00000000000000000001101111100111
00000000000000000001101111100111 01000000011001000101101000011101
01111111011111111111101111100111 01111111011111111111101111100111
01111111011111111111101111100111 11111111011111111111101111100111
01111111011111111111101111100111 00000000000000000001101111100111
00110111100000000000000000000000 00110111100000000000000000000000
