00000000001010101010101010101010 00000000001010101010101010101011
00000000001010101010101010101010 10000000001010101010101010101011
00000000001010101010101010101010 00000000101010101010101010101011
00000000001010101010101010101010 10000000101010101010101010101011
00000000001010101010101010101010 00000100101010101010101010101011
00000000001010101010101010101010 10000100101010101010101010101011
00000000001010101010101010101010 00000101001010101010101010101011
00000000001010101010101010101010 10000101001010101010101010101011
00000000001010101010101010101010 00110001101010101010101010101011
00000000001010101010101010101010 10110001101010101010101010101011
00000000001010101010101010101010 00110010001010101010101010101011
00000000001010101010101010101010 10110010001010101010101010101011
00000000001010101010101010101010 00110010101010101010101010101011
00000000001010101010101010101010 10110010101010101010101010101011
00000000001010101010101010101010 00111111001010101010101010101011
00000000001010101010101010101010 10111111001010101010101010101011
00000000001010101010101010101010 00111111101010101010101010101011
00000000001010101010101010101010 10111111101010101010101010101011
00000000001010101010101010101010 01000000001010101010101010101011
00000000001010101010101010101010 11000000001010101010101010101011
00000000001010101010101010101010 01111111001010101010101010101011
00000000001010101010101010101010 11111111001010101010101010101011
00000000001010101010101010101010 01111111101010101010101010101011
00000000001010101010101010101010 11111111101010101010101010101011
00000000001010101010101010101010 00110011101010101010101010101011
00000000001010101010101010101010 10110011101010101010101010101011
00000000001010101010101010101010 01100011001010101010101010101011
00000000001010101010101010101010 11100011001010101010101010101011
00000000001010101010101010101010 00110100101010101010101010101011
00000000001010101010101010101010 10110100101010101010101010101011
00000000001010101010101010101010 00111001101010101010101010101011
00000000001010101010101010101010 10111001101010101010101010101011
00000000001010101010101010101010 00101000101010101010101010101011
00000000001010101010101010101010 10101000101010101010101010101011
00000000001010101010101010101010 00100101001010101010101010101011
00000000001010101010101010101010 10100101001010101010101010101011
00000000001010101010101010101010 01110110001010101010101010101011
00000000001010101010101010101010 11110110001010101010101010101011
00000000001010101010101010101010 00010100101010101010101010101011
00000000001010101010101010101010 10010100101010101010101010101011
00000000001010101010101010101010 01100110101010101010101010101011
00000000001010101010101010101010 11100110101010101010101010101011
00000000001010101010101010101010 01011101001010101010101010101011
00000000001010101010101010101010 11011101001010101010101010101011
00000000001010101010101010101010 01010101101010101010101010101011
00000000001010101010101010101010 11010101101010101010101010101011
00000000001010101010101010101010 01111001001010101010101010101011
00000000001010101010101010101010 11111001001010101010101010101011
00000000001010101010101010101010 01111101101010101010101010101011
00000000001010101010101010101010 11111101101010101010101010101011
00000000001010101010101010101010 01110001101010101010101010101011
00000000001010101010101010101010 11110001101010101010101010101011
00000000101010101010101010101010 00000000001010101010101010101011
00000000101010101010101010101010 10000000001010101010101010101011
00000000101010101010101010101010 00000000101010101010101010101011
00000000101010101010101010101010 10000000101010101010101010101011
00000000101010101010101010101010 00000100101010101010101010101011
00000000101010101010101010101010 10000100101010101010101010101011
00000000101010101010101010101010 00000101001010101010101010101011
00000000101010101010101010101010 10000101001010101010101010101011
00000000101010101010101010101010 00110001101010101010101010101011
00000000101010101010101010101010 10110001101010101010101010101011
00000000101010101010101010101010 00110010001010101010101010101011
00000000101010101010101010101010 10110010001010101010101010101011
00000000101010101010101010101010 00110010101010101010101010101011
00000000101010101010101010101010 10110010101010101010101010101011
00000000101010101010101010101010 00111111001010101010101010101011
00000000101010101010101010101010 10111111001010101010101010101011
00000000101010101010101010101010 00111111101010101010101010101011
00000000101010101010101010101010 10111111101010101010101010101011
00000000101010101010101010101010 01000000001010101010101010101011
00000000101010101010101010101010 11000000001010101010101010101011
00000000101010101010101010101010 01111111001010101010101010101011
00000000101010101010101010101010 11111111001010101010101010101011
00000000101010101010101010101010 01111111101010101010101010101011
00000000101010101010101010101010 11111111101010101010101010101011
00000000101010101010101010101010 00110011101010101010101010101011
00000000101010101010101010101010 10110011101010101010101010101011
00000000101010101010101010101010 01100011001010101010101010101011
00000000101010101010101010101010 11100011001010101010101010101011
00000000101010101010101010101010 00110100101010101010101010101011
00000000101010101010101010101010 10110100101010101010101010101011
00000000101010101010101010101010 00111001101010101010101010101011
00000000101010101010101010101010 10111001101010101010101010101011
00000000101010101010101010101010 00101000101010101010101010101011
00000000101010101010101010101010 10101000101010101010101010101011
00000000101010101010101010101010 00100101001010101010101010101011
00000000101010101010101010101010 10100101001010101010101010101011
00000000101010101010101010101010 01110110001010101010101010101011
00000000101010101010101010101010 11110110001010101010101010101011
00000000101010101010101010101010 00010100101010101010101010101011
00000000101010101010101010101010 10010100101010101010101010101011
00000000101010101010101010101010 01100110101010101010101010101011
00000000101010101010101010101010 11100110101010101010101010101011
00000000101010101010101010101010 01011101001010101010101010101011
00000000101010101010101010101010 11011101001010101010101010101011
00000000101010101010101010101010 01010101101010101010101010101011
00000000101010101010101010101010 11010101101010101010101010101011
00000000101010101010101010101010 01111001001010101010101010101011
00000000101010101010101010101010 11111001001010101010101010101011
00000000101010101010101010101010 01111101101010101010101010101011
00000000101010101010101010101010 11111101101010101010101010101011
00000000101010101010101010101010 01110001101010101010101010101011
00000000101010101010101010101010 11110001101010101010101010101011
00000100101010101010101010101010 00000000001010101010101010101011
00000100101010101010101010101010 10000000001010101010101010101011
00000100101010101010101010101010 00000000101010101010101010101011
00000100101010101010101010101010 10000000101010101010101010101011
00000100101010101010101010101010 00000100101010101010101010101011
00000100101010101010101010101010 10000100101010101010101010101011
00000100101010101010101010101010 00000101001010101010101010101011
00000100101010101010101010101010 10000101001010101010101010101011
00000100101010101010101010101010 00110001101010101010101010101011
00000100101010101010101010101010 10110001101010101010101010101011
00000100101010101010101010101010 00110010001010101010101010101011
00000100101010101010101010101010 10110010001010101010101010101011
00000100101010101010101010101010 00110010101010101010101010101011
00000100101010101010101010101010 10110010101010101010101010101011
00000100101010101010101010101010 00111111001010101010101010101011
00000100101010101010101010101010 10111111001010101010101010101011
00000100101010101010101010101010 00111111101010101010101010101011
00000100101010101010101010101010 10111111101010101010101010101011
00000100101010101010101010101010 01000000001010101010101010101011
00000100101010101010101010101010 11000000001010101010101010101011
00000100101010101010101010101010 01111111001010101010101010101011
00000100101010101010101010101010 11111111001010101010101010101011
00000100101010101010101010101010 01111111101010101010101010101011
00000100101010101010101010101010 11111111101010101010101010101011
00000100101010101010101010101010 00110011101010101010101010101011
00000100101010101010101010101010 10110011101010101010101010101011
00000100101010101010101010101010 01100011001010101010101010101011
00000100101010101010101010101010 11100011001010101010101010101011
00000100101010101010101010101010 00110100101010101010101010101011
00000100101010101010101010101010 10110100101010101010101010101011
00000100101010101010101010101010 00111001101010101010101010101011
00000100101010101010101010101010 10111001101010101010101010101011
00000100101010101010101010101010 00101000101010101010101010101011
00000100101010101010101010101010 10101000101010101010101010101011
00000100101010101010101010101010 00100101001010101010101010101011
00000100101010101010101010101010 10100101001010101010101010101011
00000100101010101010101010101010 01110110001010101010101010101011
00000100101010101010101010101010 11110110001010101010101010101011
00000100101010101010101010101010 00010100101010101010101010101011
00000100101010101010101010101010 10010100101010101010101010101011
00000100101010101010101010101010 01100110101010101010101010101011
00000100101010101010101010101010 11100110101010101010101010101011
00000100101010101010101010101010 01011101001010101010101010101011
00000100101010101010101010101010 11011101001010101010101010101011
00000100101010101010101010101010 01010101101010101010101010101011
00000100101010101010101010101010 11010101101010101010101010101011
00000100101010101010101010101010 01111001001010101010101010101011
00000100101010101010101010101010 11111001001010101010101010101011
00000100101010101010101010101010 01111101101010101010101010101011
00000100101010101010101010101010 11111101101010101010101010101011
00000100101010101010101010101010 01110001101010101010101010101011
00000100101010101010101010101010 11110001101010101010101010101011
00000101001010101010101010101010 00000000001010101010101010101011
00000101001010101010101010101010 10000000001010101010101010101011
00000101001010101010101010101010 00000000101010101010101010101011
00000101001010101010101010101010 10000000101010101010101010101011
00000101001010101010101010101010 00000100101010101010101010101011
00000101001010101010101010101010 10000100101010101010101010101011
00000101001010101010101010101010 00000101001010101010101010101011
00000101001010101010101010101010 10000101001010101010101010101011
00000101001010101010101010101010 00110001101010101010101010101011
00000101001010101010101010101010 10110001101010101010101010101011
00000101001010101010101010101010 00110010001010101010101010101011
00000101001010101010101010101010 10110010001010101010101010101011
00000101001010101010101010101010 00110010101010101010101010101011
00000101001010101010101010101010 10110010101010101010101010101011
00000101001010101010101010101010 00111111001010101010101010101011
00000101001010101010101010101010 10111111001010101010101010101011
00000101001010101010101010101010 00111111101010101010101010101011
00000101001010101010101010101010 10111111101010101010101010101011
00000101001010101010101010101010 01000000001010101010101010101011
00000101001010101010101010101010 11000000001010101010101010101011
00000101001010101010101010101010 01111111001010101010101010101011
00000101001010101010101010101010 11111111001010101010101010101011
00000101001010101010101010101010 01111111101010101010101010101011
00000101001010101010101010101010 11111111101010101010101010101011
00000101001010101010101010101010 00110011101010101010101010101011
00000101001010101010101010101010 10110011101010101010101010101011
00000101001010101010101010101010 01100011001010101010101010101011
00000101001010101010101010101010 11100011001010101010101010101011
00000101001010101010101010101010 00110100101010101010101010101011
00000101001010101010101010101010 10110100101010101010101010101011
00000101001010101010101010101010 00111001101010101010101010101011
00000101001010101010101010101010 10111001101010101010101010101011
00000101001010101010101010101010 00101000101010101010101010101011
00000101001010101010101010101010 10101000101010101010101010101011
00000101001010101010101010101010 00100101001010101010101010101011
00000101001010101010101010101010 10100101001010101010101010101011
00000101001010101010101010101010 01110110001010101010101010101011
00000101001010101010101010101010 11110110001010101010101010101011
00000101001010101010101010101010 00010100101010101010101010101011
00000101001010101010101010101010 10010100101010101010101010101011
00000101001010101010101010101010 01100110101010101010101010101011
00000101001010101010101010101010 11100110101010101010101010101011
00000101001010101010101010101010 01011101001010101010101010101011
00000101001010101010101010101010 11011101001010101010101010101011
00000101001010101010101010101010 01010101101010101010101010101011
00000101001010101010101010101010 11010101101010101010101010101011
00000101001010101010101010101010 01111001001010101010101010101011
00000101001010101010101010101010 11111001001010101010101010101011
00000101001010101010101010101010 01111101101010101010101010101011
00000101001010101010101010101010 11111101101010101010101010101011
00000101001010101010101010101010 01110001101010101010101010101011
00000101001010101010101010101010 11110001101010101010101010101011
00110001101010101010101010101010 00000000001010101010101010101011
00110001101010101010101010101010 10000000001010101010101010101011
00110001101010101010101010101010 00000000101010101010101010101011
00110001101010101010101010101010 10000000101010101010101010101011
00110001101010101010101010101010 00000100101010101010101010101011
00110001101010101010101010101010 10000100101010101010101010101011
00110001101010101010101010101010 00000101001010101010101010101011
00110001101010101010101010101010 10000101001010101010101010101011
00110001101010101010101010101010 00110001101010101010101010101011
00110001101010101010101010101010 10110001101010101010101010101011
00110001101010101010101010101010 00110010001010101010101010101011
00110001101010101010101010101010 10110010001010101010101010101011
00110001101010101010101010101010 00110010101010101010101010101011
00110001101010101010101010101010 10110010101010101010101010101011
00110001101010101010101010101010 00111111001010101010101010101011
00110001101010101010101010101010 10111111001010101010101010101011
00110001101010101010101010101010 00111111101010101010101010101011
00110001101010101010101010101010 10111111101010101010101010101011
00110001101010101010101010101010 01000000001010101010101010101011
00110001101010101010101010101010 11000000001010101010101010101011
00110001101010101010101010101010 01111111001010101010101010101011
00110001101010101010101010101010 11111111001010101010101010101011
00110001101010101010101010101010 01111111101010101010101010101011
00110001101010101010101010101010 11111111101010101010101010101011
00110001101010101010101010101010 00110011101010101010101010101011
00110001101010101010101010101010 10110011101010101010101010101011
00110001101010101010101010101010 01100011001010101010101010101011
00110001101010101010101010101010 11100011001010101010101010101011
00110001101010101010101010101010 00110100101010101010101010101011
00110001101010101010101010101010 10110100101010101010101010101011
00110001101010101010101010101010 00111001101010101010101010101011
00110001101010101010101010101010 10111001101010101010101010101011
00110001101010101010101010101010 00101000101010101010101010101011
00110001101010101010101010101010 10101000101010101010101010101011
00110001101010101010101010101010 00100101001010101010101010101011
00110001101010101010101010101010 10100101001010101010101010101011
00110001101010101010101010101010 01110110001010101010101010101011
00110001101010101010101010101010 11110110001010101010101010101011
00110001101010101010101010101010 00010100101010101010101010101011
00110001101010101010101010101010 10010100101010101010101010101011
00110001101010101010101010101010 01100110101010101010101010101011
00110001101010101010101010101010 11100110101010101010101010101011
00110001101010101010101010101010 01011101001010101010101010101011
00110001101010101010101010101010 11011101001010101010101010101011
00110001101010101010101010101010 01010101101010101010101010101011
00110001101010101010101010101010 11010101101010101010101010101011
00110001101010101010101010101010 01111001001010101010101010101011
00110001101010101010101010101010 11111001001010101010101010101011
00110001101010101010101010101010 01111101101010101010101010101011
00110001101010101010101010101010 11111101101010101010101010101011
00110001101010101010101010101010 01110001101010101010101010101011
00110001101010101010101010101010 11110001101010101010101010101011
00110010001010101010101010101010 00000000001010101010101010101011
00110010001010101010101010101010 10000000001010101010101010101011
00110010001010101010101010101010 00000000101010101010101010101011
00110010001010101010101010101010 10000000101010101010101010101011
00110010001010101010101010101010 00000100101010101010101010101011
00110010001010101010101010101010 10000100101010101010101010101011
00110010001010101010101010101010 00000101001010101010101010101011
00110010001010101010101010101010 10000101001010101010101010101011
00110010001010101010101010101010 00110001101010101010101010101011
00110010001010101010101010101010 10110001101010101010101010101011
00110010001010101010101010101010 00110010001010101010101010101011
00110010001010101010101010101010 10110010001010101010101010101011
00110010001010101010101010101010 00110010101010101010101010101011
00110010001010101010101010101010 10110010101010101010101010101011
00110010001010101010101010101010 00111111001010101010101010101011
00110010001010101010101010101010 10111111001010101010101010101011
00110010001010101010101010101010 00111111101010101010101010101011
00110010001010101010101010101010 10111111101010101010101010101011
00110010001010101010101010101010 01000000001010101010101010101011
00110010001010101010101010101010 11000000001010101010101010101011
00110010001010101010101010101010 01111111001010101010101010101011
00110010001010101010101010101010 11111111001010101010101010101011
00110010001010101010101010101010 01111111101010101010101010101011
00110010001010101010101010101010 11111111101010101010101010101011
00110010001010101010101010101010 00110011101010101010101010101011
00110010001010101010101010101010 10110011101010101010101010101011
00110010001010101010101010101010 01100011001010101010101010101011
00110010001010101010101010101010 11100011001010101010101010101011
00110010001010101010101010101010 00110100101010101010101010101011
00110010001010101010101010101010 10110100101010101010101010101011
00110010001010101010101010101010 00111001101010101010101010101011
00110010001010101010101010101010 10111001101010101010101010101011
00110010001010101010101010101010 00101000101010101010101010101011
00110010001010101010101010101010 10101000101010101010101010101011
00110010001010101010101010101010 00100101001010101010101010101011
00110010001010101010101010101010 10100101001010101010101010101011
00110010001010101010101010101010 01110110001010101010101010101011
00110010001010101010101010101010 11110110001010101010101010101011
00110010001010101010101010101010 00010100101010101010101010101011
00110010001010101010101010101010 10010100101010101010101010101011
00110010001010101010101010101010 01100110101010101010101010101011
00110010001010101010101010101010 11100110101010101010101010101011
00110010001010101010101010101010 01011101001010101010101010101011
00110010001010101010101010101010 11011101001010101010101010101011
00110010001010101010101010101010 01010101101010101010101010101011
00110010001010101010101010101010 11010101101010101010101010101011
00110010001010101010101010101010 01111001001010101010101010101011
00110010001010101010101010101010 11111001001010101010101010101011
00110010001010101010101010101010 01111101101010101010101010101011
00110010001010101010101010101010 11111101101010101010101010101011
00110010001010101010101010101010 01110001101010101010101010101011
00110010001010101010101010101010 11110001101010101010101010101011
00110010101010101010101010101010 00000000001010101010101010101011
00110010101010101010101010101010 10000000001010101010101010101011
00110010101010101010101010101010 00000000101010101010101010101011
00110010101010101010101010101010 10000000101010101010101010101011
00110010101010101010101010101010 00000100101010101010101010101011
00110010101010101010101010101010 10000100101010101010101010101011
00110010101010101010101010101010 00000101001010101010101010101011
00110010101010101010101010101010 10000101001010101010101010101011
00110010101010101010101010101010 00110001101010101010101010101011
00110010101010101010101010101010 10110001101010101010101010101011
00110010101010101010101010101010 00110010001010101010101010101011
00110010101010101010101010101010 10110010001010101010101010101011
00110010101010101010101010101010 00110010101010101010101010101011
00110010101010101010101010101010 10110010101010101010101010101011
00110010101010101010101010101010 00111111001010101010101010101011
00110010101010101010101010101010 10111111001010101010101010101011
00110010101010101010101010101010 00111111101010101010101010101011
00110010101010101010101010101010 10111111101010101010101010101011
00110010101010101010101010101010 01000000001010101010101010101011
00110010101010101010101010101010 11000000001010101010101010101011
00110010101010101010101010101010 01111111001010101010101010101011
00110010101010101010101010101010 11111111001010101010101010101011
00110010101010101010101010101010 01111111101010101010101010101011
00110010101010101010101010101010 11111111101010101010101010101011
00110010101010101010101010101010 00110011101010101010101010101011
00110010101010101010101010101010 10110011101010101010101010101011
00110010101010101010101010101010 01100011001010101010101010101011
00110010101010101010101010101010 11100011001010101010101010101011
00110010101010101010101010101010 00110100101010101010101010101011
00110010101010101010101010101010 10110100101010101010101010101011
00110010101010101010101010101010 00111001101010101010101010101011
00110010101010101010101010101010 10111001101010101010101010101011
00110010101010101010101010101010 00101000101010101010101010101011
00110010101010101010101010101010 10101000101010101010101010101011
00110010101010101010101010101010 00100101001010101010101010101011
00110010101010101010101010101010 10100101001010101010101010101011
00110010101010101010101010101010 01110110001010101010101010101011
00110010101010101010101010101010 11110110001010101010101010101011
00110010101010101010101010101010 00010100101010101010101010101011
00110010101010101010101010101010 10010100101010101010101010101011
00110010101010101010101010101010 01100110101010101010101010101011
00110010101010101010101010101010 11100110101010101010101010101011
00110010101010101010101010101010 01011101001010101010101010101011
00110010101010101010101010101010 11011101001010101010101010101011
00110010101010101010101010101010 01010101101010101010101010101011
00110010101010101010101010101010 11010101101010101010101010101011
00110010101010101010101010101010 01111001001010101010101010101011
00110010101010101010101010101010 11111001001010101010101010101011
00110010101010101010101010101010 01111101101010101010101010101011
00110010101010101010101010101010 11111101101010101010101010101011
00110010101010101010101010101010 01110001101010101010101010101011
00110010101010101010101010101010 11110001101010101010101010101011
00111111001010101010101010101010 00000000001010101010101010101011
00111111001010101010101010101010 10000000001010101010101010101011
00111111001010101010101010101010 00000000101010101010101010101011
00111111001010101010101010101010 10000000101010101010101010101011
00111111001010101010101010101010 00000100101010101010101010101011
00111111001010101010101010101010 10000100101010101010101010101011
00111111001010101010101010101010 00000101001010101010101010101011
00111111001010101010101010101010 10000101001010101010101010101011
00111111001010101010101010101010 00110001101010101010101010101011
00111111001010101010101010101010 10110001101010101010101010101011
00111111001010101010101010101010 00110010001010101010101010101011
00111111001010101010101010101010 10110010001010101010101010101011
00111111001010101010101010101010 00110010101010101010101010101011
00111111001010101010101010101010 10110010101010101010101010101011
00111111001010101010101010101010 00111111001010101010101010101011
00111111001010101010101010101010 10111111001010101010101010101011
00111111001010101010101010101010 00111111101010101010101010101011
00111111001010101010101010101010 10111111101010101010101010101011
00111111001010101010101010101010 01000000001010101010101010101011
00111111001010101010101010101010 11000000001010101010101010101011
00111111001010101010101010101010 01111111001010101010101010101011
00111111001010101010101010101010 11111111001010101010101010101011
00111111001010101010101010101010 01111111101010101010101010101011
00111111001010101010101010101010 11111111101010101010101010101011
00111111001010101010101010101010 00110011101010101010101010101011
00111111001010101010101010101010 10110011101010101010101010101011
00111111001010101010101010101010 01100011001010101010101010101011
00111111001010101010101010101010 11100011001010101010101010101011
00111111001010101010101010101010 00110100101010101010101010101011
00111111001010101010101010101010 10110100101010101010101010101011
00111111001010101010101010101010 00111001101010101010101010101011
00111111001010101010101010101010 10111001101010101010101010101011
00111111001010101010101010101010 00101000101010101010101010101011
00111111001010101010101010101010 10101000101010101010101010101011
00111111001010101010101010101010 00100101001010101010101010101011
00111111001010101010101010101010 10100101001010101010101010101011
00111111001010101010101010101010 01110110001010101010101010101011
00111111001010101010101010101010 11110110001010101010101010101011
00111111001010101010101010101010 00010100101010101010101010101011
00111111001010101010101010101010 10010100101010101010101010101011
00111111001010101010101010101010 01100110101010101010101010101011
00111111001010101010101010101010 11100110101010101010101010101011
00111111001010101010101010101010 01011101001010101010101010101011
00111111001010101010101010101010 11011101001010101010101010101011
00111111001010101010101010101010 01010101101010101010101010101011
00111111001010101010101010101010 11010101101010101010101010101011
00111111001010101010101010101010 01111001001010101010101010101011
00111111001010101010101010101010 11111001001010101010101010101011
00111111001010101010101010101010 01111101101010101010101010101011
00111111001010101010101010101010 11111101101010101010101010101011
00111111001010101010101010101010 01110001101010101010101010101011
00111111001010101010101010101010 11110001101010101010101010101011
00111111101010101010101010101010 00000000001010101010101010101011
00111111101010101010101010101010 10000000001010101010101010101011
00111111101010101010101010101010 00000000101010101010101010101011
00111111101010101010101010101010 10000000101010101010101010101011
00111111101010101010101010101010 00000100101010101010101010101011
00111111101010101010101010101010 10000100101010101010101010101011
00111111101010101010101010101010 00000101001010101010101010101011
00111111101010101010101010101010 10000101001010101010101010101011
00111111101010101010101010101010 00110001101010101010101010101011
00111111101010101010101010101010 10110001101010101010101010101011
00111111101010101010101010101010 00110010001010101010101010101011
00111111101010101010101010101010 10110010001010101010101010101011
00111111101010101010101010101010 00110010101010101010101010101011
00111111101010101010101010101010 10110010101010101010101010101011
00111111101010101010101010101010 00111111001010101010101010101011
00111111101010101010101010101010 10111111001010101010101010101011
00111111101010101010101010101010 00111111101010101010101010101011
00111111101010101010101010101010 10111111101010101010101010101011
00111111101010101010101010101010 01000000001010101010101010101011
00111111101010101010101010101010 11000000001010101010101010101011
00111111101010101010101010101010 01111111001010101010101010101011
00111111101010101010101010101010 11111111001010101010101010101011
00111111101010101010101010101010 01111111101010101010101010101011
00111111101010101010101010101010 11111111101010101010101010101011
00111111101010101010101010101010 00110011101010101010101010101011
00111111101010101010101010101010 10110011101010101010101010101011
00111111101010101010101010101010 01100011001010101010101010101011
00111111101010101010101010101010 11100011001010101010101010101011
00111111101010101010101010101010 00110100101010101010101010101011
00111111101010101010101010101010 10110100101010101010101010101011
00111111101010101010101010101010 00111001101010101010101010101011
00111111101010101010101010101010 10111001101010101010101010101011
00111111101010101010101010101010 00101000101010101010101010101011
00111111101010101010101010101010 10101000101010101010101010101011
00111111101010101010101010101010 00100101001010101010101010101011
00111111101010101010101010101010 10100101001010101010101010101011
00111111101010101010101010101010 01110110001010101010101010101011
00111111101010101010101010101010 11110110001010101010101010101011
00111111101010101010101010101010 00010100101010101010101010101011
00111111101010101010101010101010 10010100101010101010101010101011
00111111101010101010101010101010 01100110101010101010101010101011
00111111101010101010101010101010 11100110101010101010101010101011
00111111101010101010101010101010 01011101001010101010101010101011
00111111101010101010101010101010 11011101001010101010101010101011
00111111101010101010101010101010 01010101101010101010101010101011
00111111101010101010101010101010 11010101101010101010101010101011
00111111101010101010101010101010 01111001001010101010101010101011
00111111101010101010101010101010 11111001001010101010101010101011
00111111101010101010101010101010 01111101101010101010101010101011
00111111101010101010101010101010 11111101101010101010101010101011
00111111101010101010101010101010 01110001101010101010101010101011
00111111101010101010101010101010 11110001101010101010101010101011
01000000001010101010101010101010 00000000001010101010101010101011
01000000001010101010101010101010 10000000001010101010101010101011
01000000001010101010101010101010 00000000101010101010101010101011
01000000001010101010101010101010 10000000101010101010101010101011
01000000001010101010101010101010 00000100101010101010101010101011
01000000001010101010101010101010 10000100101010101010101010101011
01000000001010101010101010101010 00000101001010101010101010101011
01000000001010101010101010101010 10000101001010101010101010101011
01000000001010101010101010101010 00110001101010101010101010101011
01000000001010101010101010101010 10110001101010101010101010101011
01000000001010101010101010101010 00110010001010101010101010101011
01000000001010101010101010101010 10110010001010101010101010101011
01000000001010101010101010101010 00110010101010101010101010101011
01000000001010101010101010101010 10110010101010101010101010101011
01000000001010101010101010101010 00111111001010101010101010101011
01000000001010101010101010101010 10111111001010101010101010101011
01000000001010101010101010101010 00111111101010101010101010101011
01000000001010101010101010101010 10111111101010101010101010101011
01000000001010101010101010101010 01000000001010101010101010101011
01000000001010101010101010101010 11000000001010101010101010101011
01000000001010101010101010101010 01111111001010101010101010101011
01000000001010101010101010101010 11111111001010101010101010101011
01000000001010101010101010101010 01111111101010101010101010101011
01000000001010101010101010101010 11111111101010101010101010101011
01000000001010101010101010101010 00110011101010101010101010101011
01000000001010101010101010101010 10110011101010101010101010101011
01000000001010101010101010101010 01100011001010101010101010101011
01000000001010101010101010101010 11100011001010101010101010101011
01000000001010101010101010101010 00110100101010101010101010101011
01000000001010101010101010101010 10110100101010101010101010101011
01000000001010101010101010101010 00111001101010101010101010101011
01000000001010101010101010101010 10111001101010101010101010101011
01000000001010101010101010101010 00101000101010101010101010101011
01000000001010101010101010101010 10101000101010101010101010101011
01000000001010101010101010101010 00100101001010101010101010101011
01000000001010101010101010101010 10100101001010101010101010101011
01000000001010101010101010101010 01110110001010101010101010101011
01000000001010101010101010101010 11110110001010101010101010101011
01000000001010101010101010101010 00010100101010101010101010101011
01000000001010101010101010101010 10010100101010101010101010101011
01000000001010101010101010101010 01100110101010101010101010101011
01000000001010101010101010101010 11100110101010101010101010101011
01000000001010101010101010101010 01011101001010101010101010101011
01000000001010101010101010101010 11011101001010101010101010101011
01000000001010101010101010101010 01010101101010101010101010101011
01000000001010101010101010101010 11010101101010101010101010101011
01000000001010101010101010101010 01111001001010101010101010101011
01000000001010101010101010101010 11111001001010101010101010101011
01000000001010101010101010101010 01111101101010101010101010101011
01000000001010101010101010101010 11111101101010101010101010101011
01000000001010101010101010101010 01110001101010101010101010101011
01000000001010101010101010101010 11110001101010101010101010101011
01111111001010101010101010101010 00000000001010101010101010101011
01111111001010101010101010101010 10000000001010101010101010101011
01111111001010101010101010101010 00000000101010101010101010101011
01111111001010101010101010101010 10000000101010101010101010101011
01111111001010101010101010101010 00000100101010101010101010101011
01111111001010101010101010101010 10000100101010101010101010101011
01111111001010101010101010101010 00000101001010101010101010101011
01111111001010101010101010101010 10000101001010101010101010101011
01111111001010101010101010101010 00110001101010101010101010101011
01111111001010101010101010101010 10110001101010101010101010101011
01111111001010101010101010101010 00110010001010101010101010101011
01111111001010101010101010101010 10110010001010101010101010101011
01111111001010101010101010101010 00110010101010101010101010101011
01111111001010101010101010101010 10110010101010101010101010101011
01111111001010101010101010101010 00111111001010101010101010101011
01111111001010101010101010101010 10111111001010101010101010101011
01111111001010101010101010101010 00111111101010101010101010101011
01111111001010101010101010101010 10111111101010101010101010101011
01111111001010101010101010101010 01000000001010101010101010101011
01111111001010101010101010101010 11000000001010101010101010101011
01111111001010101010101010101010 01111111001010101010101010101011
01111111001010101010101010101010 11111111001010101010101010101011
01111111001010101010101010101010 01111111101010101010101010101011
01111111001010101010101010101010 11111111101010101010101010101011
01111111001010101010101010101010 00110011101010101010101010101011
01111111001010101010101010101010 10110011101010101010101010101011
01111111001010101010101010101010 01100011001010101010101010101011
01111111001010101010101010101010 11100011001010101010101010101011
01111111001010101010101010101010 00110100101010101010101010101011
01111111001010101010101010101010 10110100101010101010101010101011
01111111001010101010101010101010 00111001101010101010101010101011
01111111001010101010101010101010 10111001101010101010101010101011
01111111001010101010101010101010 00101000101010101010101010101011
01111111001010101010101010101010 10101000101010101010101010101011
01111111001010101010101010101010 00100101001010101010101010101011
01111111001010101010101010101010 10100101001010101010101010101011
01111111001010101010101010101010 01110110001010101010101010101011
01111111001010101010101010101010 11110110001010101010101010101011
01111111001010101010101010101010 00010100101010101010101010101011
01111111001010101010101010101010 10010100101010101010101010101011
01111111001010101010101010101010 01100110101010101010101010101011
01111111001010101010101010101010 11100110101010101010101010101011
01111111001010101010101010101010 01011101001010101010101010101011
01111111001010101010101010101010 11011101001010101010101010101011
01111111001010101010101010101010 01010101101010101010101010101011
01111111001010101010101010101010 11010101101010101010101010101011
01111111001010101010101010101010 01111001001010101010101010101011
01111111001010101010101010101010 11111001001010101010101010101011
01111111001010101010101010101010 01111101101010101010101010101011
01111111001010101010101010101010 11111101101010101010101010101011
01111111001010101010101010101010 01110001101010101010101010101011
01111111001010101010101010101010 11110001101010101010101010101011
01111111101010101010101010101010 00000000001010101010101010101011
01111111101010101010101010101010 10000000001010101010101010101011
01111111101010101010101010101010 00000000101010101010101010101011
01111111101010101010101010101010 10000000101010101010101010101011
01111111101010101010101010101010 00000100101010101010101010101011
01111111101010101010101010101010 10000100101010101010101010101011
01111111101010101010101010101010 00000101001010101010101010101011
01111111101010101010101010101010 10000101001010101010101010101011
01111111101010101010101010101010 00110001101010101010101010101011
01111111101010101010101010101010 10110001101010101010101010101011
01111111101010101010101010101010 00110010001010101010101010101011
01111111101010101010101010101010 10110010001010101010101010101011
01111111101010101010101010101010 00110010101010101010101010101011
01111111101010101010101010101010 10110010101010101010101010101011
01111111101010101010101010101010 00111111001010101010101010101011
01111111101010101010101010101010 10111111001010101010101010101011
01111111101010101010101010101010 00111111101010101010101010101011
01111111101010101010101010101010 10111111101010101010101010101011
01111111101010101010101010101010 01000000001010101010101010101011
01111111101010101010101010101010 11000000001010101010101010101011
01111111101010101010101010101010 01111111001010101010101010101011
01111111101010101010101010101010 11111111001010101010101010101011
01111111101010101010101010101010 01111111101010101010101010101011
01111111101010101010101010101010 11111111101010101010101010101011
01111111101010101010101010101010 00110011101010101010101010101011
01111111101010101010101010101010 10110011101010101010101010101011
01111111101010101010101010101010 01100011001010101010101010101011
01111111101010101010101010101010 11100011001010101010101010101011
01111111101010101010101010101010 00110100101010101010101010101011
01111111101010101010101010101010 10110100101010101010101010101011
01111111101010101010101010101010 00111001101010101010101010101011
01111111101010101010101010101010 10111001101010101010101010101011
01111111101010101010101010101010 00101000101010101010101010101011
01111111101010101010101010101010 10101000101010101010101010101011
01111111101010101010101010101010 00100101001010101010101010101011
01111111101010101010101010101010 10100101001010101010101010101011
01111111101010101010101010101010 01110110001010101010101010101011
01111111101010101010101010101010 11110110001010101010101010101011
01111111101010101010101010101010 00010100101010101010101010101011
01111111101010101010101010101010 10010100101010101010101010101011
01111111101010101010101010101010 01100110101010101010101010101011
01111111101010101010101010101010 11100110101010101010101010101011
01111111101010101010101010101010 01011101001010101010101010101011
01111111101010101010101010101010 11011101001010101010101010101011
01111111101010101010101010101010 01010101101010101010101010101011
01111111101010101010101010101010 11010101101010101010101010101011
01111111101010101010101010101010 01111001001010101010101010101011
01111111101010101010101010101010 11111001001010101010101010101011
01111111101010101010101010101010 01111101101010101010101010101011
01111111101010101010101010101010 11111101101010101010101010101011
01111111101010101010101010101010 01110001101010101010101010101011
01111111101010101010101010101010 11110001101010101010101010101011
00110011101010101010101010101010 00000000001010101010101010101011
00110011101010101010101010101010 10000000001010101010101010101011
00110011101010101010101010101010 00000000101010101010101010101011
00110011101010101010101010101010 10000000101010101010101010101011
00110011101010101010101010101010 00000100101010101010101010101011
00110011101010101010101010101010 10000100101010101010101010101011
00110011101010101010101010101010 00000101001010101010101010101011
00110011101010101010101010101010 10000101001010101010101010101011
00110011101010101010101010101010 00110001101010101010101010101011
00110011101010101010101010101010 10110001101010101010101010101011
00110011101010101010101010101010 00110010001010101010101010101011
00110011101010101010101010101010 10110010001010101010101010101011
00110011101010101010101010101010 00110010101010101010101010101011
00110011101010101010101010101010 10110010101010101010101010101011
00110011101010101010101010101010 00111111001010101010101010101011
00110011101010101010101010101010 10111111001010101010101010101011
00110011101010101010101010101010 00111111101010101010101010101011
00110011101010101010101010101010 10111111101010101010101010101011
00110011101010101010101010101010 01000000001010101010101010101011
00110011101010101010101010101010 11000000001010101010101010101011
00110011101010101010101010101010 01111111001010101010101010101011
00110011101010101010101010101010 11111111001010101010101010101011
00110011101010101010101010101010 01111111101010101010101010101011
00110011101010101010101010101010 11111111101010101010101010101011
00110011101010101010101010101010 00110011101010101010101010101011
00110011101010101010101010101010 10110011101010101010101010101011
00110011101010101010101010101010 01100011001010101010101010101011
00110011101010101010101010101010 11100011001010101010101010101011
00110011101010101010101010101010 00110100101010101010101010101011
00110011101010101010101010101010 10110100101010101010101010101011
00110011101010101010101010101010 00111001101010101010101010101011
00110011101010101010101010101010 10111001101010101010101010101011
00110011101010101010101010101010 00101000101010101010101010101011
00110011101010101010101010101010 10101000101010101010101010101011
00110011101010101010101010101010 00100101001010101010101010101011
00110011101010101010101010101010 10100101001010101010101010101011
00110011101010101010101010101010 01110110001010101010101010101011
00110011101010101010101010101010 11110110001010101010101010101011
00110011101010101010101010101010 00010100101010101010101010101011
00110011101010101010101010101010 10010100101010101010101010101011
00110011101010101010101010101010 01100110101010101010101010101011
00110011101010101010101010101010 11100110101010101010101010101011
00110011101010101010101010101010 01011101001010101010101010101011
00110011101010101010101010101010 11011101001010101010101010101011
00110011101010101010101010101010 01010101101010101010101010101011
00110011101010101010101010101010 11010101101010101010101010101011
00110011101010101010101010101010 01111001001010101010101010101011
00110011101010101010101010101010 11111001001010101010101010101011
00110011101010101010101010101010 01111101101010101010101010101011
00110011101010101010101010101010 11111101101010101010101010101011
00110011101010101010101010101010 01110001101010101010101010101011
00110011101010101010101010101010 11110001101010101010101010101011
01100011001010101010101010101010 00000000001010101010101010101011
01100011001010101010101010101010 10000000001010101010101010101011
01100011001010101010101010101010 00000000101010101010101010101011
01100011001010101010101010101010 10000000101010101010101010101011
01100011001010101010101010101010 00000100101010101010101010101011
01100011001010101010101010101010 10000100101010101010101010101011
01100011001010101010101010101010 00000101001010101010101010101011
01100011001010101010101010101010 10000101001010101010101010101011
01100011001010101010101010101010 00110001101010101010101010101011
01100011001010101010101010101010 10110001101010101010101010101011
01100011001010101010101010101010 00110010001010101010101010101011
01100011001010101010101010101010 10110010001010101010101010101011
01100011001010101010101010101010 00110010101010101010101010101011
01100011001010101010101010101010 10110010101010101010101010101011
01100011001010101010101010101010 00111111001010101010101010101011
01100011001010101010101010101010 10111111001010101010101010101011
01100011001010101010101010101010 00111111101010101010101010101011
01100011001010101010101010101010 10111111101010101010101010101011
01100011001010101010101010101010 01000000001010101010101010101011
01100011001010101010101010101010 11000000001010101010101010101011
01100011001010101010101010101010 01111111001010101010101010101011
01100011001010101010101010101010 11111111001010101010101010101011
01100011001010101010101010101010 01111111101010101010101010101011
01100011001010101010101010101010 11111111101010101010101010101011
01100011001010101010101010101010 00110011101010101010101010101011
01100011001010101010101010101010 10110011101010101010101010101011
01100011001010101010101010101010 01100011001010101010101010101011
01100011001010101010101010101010 11100011001010101010101010101011
01100011001010101010101010101010 00110100101010101010101010101011
01100011001010101010101010101010 10110100101010101010101010101011
01100011001010101010101010101010 00111001101010101010101010101011
01100011001010101010101010101010 10111001101010101010101010101011
01100011001010101010101010101010 00101000101010101010101010101011
01100011001010101010101010101010 10101000101010101010101010101011
01100011001010101010101010101010 00100101001010101010101010101011
01100011001010101010101010101010 10100101001010101010101010101011
01100011001010101010101010101010 01110110001010101010101010101011
01100011001010101010101010101010 11110110001010101010101010101011
01100011001010101010101010101010 00010100101010101010101010101011
01100011001010101010101010101010 10010100101010101010101010101011
01100011001010101010101010101010 01100110101010101010101010101011
01100011001010101010101010101010 11100110101010101010101010101011
01100011001010101010101010101010 01011101001010101010101010101011
01100011001010101010101010101010 11011101001010101010101010101011
01100011001010101010101010101010 01010101101010101010101010101011
01100011001010101010101010101010 11010101101010101010101010101011
01100011001010101010101010101010 01111001001010101010101010101011
01100011001010101010101010101010 11111001001010101010101010101011
01100011001010101010101010101010 01111101101010101010101010101011
01100011001010101010101010101010 11111101101010101010101010101011
01100011001010101010101010101010 01110001101010101010101010101011
01100011001010101010101010101010 11110001101010101010101010101011
00110100101010101010101010101010 00000000001010101010101010101011
00110100101010101010101010101010 10000000001010101010101010101011
00110100101010101010101010101010 00000000101010101010101010101011
00110100101010101010101010101010 10000000101010101010101010101011
00110100101010101010101010101010 00000100101010101010101010101011
00110100101010101010101010101010 10000100101010101010101010101011
00110100101010101010101010101010 00000101001010101010101010101011
00110100101010101010101010101010 10000101001010101010101010101011
00110100101010101010101010101010 00110001101010101010101010101011
00110100101010101010101010101010 10110001101010101010101010101011
00110100101010101010101010101010 00110010001010101010101010101011
00110100101010101010101010101010 10110010001010101010101010101011
00110100101010101010101010101010 00110010101010101010101010101011
00110100101010101010101010101010 10110010101010101010101010101011
00110100101010101010101010101010 00111111001010101010101010101011
00110100101010101010101010101010 10111111001010101010101010101011
00110100101010101010101010101010 00111111101010101010101010101011
00110100101010101010101010101010 10111111101010101010101010101011
00110100101010101010101010101010 01000000001010101010101010101011
00110100101010101010101010101010 11000000001010101010101010101011
00110100101010101010101010101010 01111111001010101010101010101011
00110100101010101010101010101010 11111111001010101010101010101011
00110100101010101010101010101010 01111111101010101010101010101011
00110100101010101010101010101010 11111111101010101010101010101011
00110100101010101010101010101010 00110011101010101010101010101011
00110100101010101010101010101010 10110011101010101010101010101011
00110100101010101010101010101010 01100011001010101010101010101011
00110100101010101010101010101010 11100011001010101010101010101011
00110100101010101010101010101010 00110100101010101010101010101011
00110100101010101010101010101010 10110100101010101010101010101011
00110100101010101010101010101010 00111001101010101010101010101011
00110100101010101010101010101010 10111001101010101010101010101011
00110100101010101010101010101010 00101000101010101010101010101011
00110100101010101010101010101010 10101000101010101010101010101011
00110100101010101010101010101010 00100101001010101010101010101011
00110100101010101010101010101010 10100101001010101010101010101011
00110100101010101010101010101010 01110110001010101010101010101011
00110100101010101010101010101010 11110110001010101010101010101011
00110100101010101010101010101010 00010100101010101010101010101011
00110100101010101010101010101010 10010100101010101010101010101011
00110100101010101010101010101010 01100110101010101010101010101011
00110100101010101010101010101010 11100110101010101010101010101011
00110100101010101010101010101010 01011101001010101010101010101011
00110100101010101010101010101010 11011101001010101010101010101011
00110100101010101010101010101010 01010101101010101010101010101011
00110100101010101010101010101010 11010101101010101010101010101011
00110100101010101010101010101010 01111001001010101010101010101011
00110100101010101010101010101010 11111001001010101010101010101011
00110100101010101010101010101010 01111101101010101010101010101011
00110100101010101010101010101010 11111101101010101010101010101011
00110100101010101010101010101010 01110001101010101010101010101011
00110100101010101010101010101010 11110001101010101010101010101011
00111001101010101010101010101010 00000000001010101010101010101011
00111001101010101010101010101010 10000000001010101010101010101011
00111001101010101010101010101010 00000000101010101010101010101011
00111001101010101010101010101010 10000000101010101010101010101011
00111001101010101010101010101010 00000100101010101010101010101011
00111001101010101010101010101010 10000100101010101010101010101011
00111001101010101010101010101010 00000101001010101010101010101011
00111001101010101010101010101010 10000101001010101010101010101011
00111001101010101010101010101010 00110001101010101010101010101011
00111001101010101010101010101010 10110001101010101010101010101011
00111001101010101010101010101010 00110010001010101010101010101011
00111001101010101010101010101010 10110010001010101010101010101011
00111001101010101010101010101010 00110010101010101010101010101011
00111001101010101010101010101010 10110010101010101010101010101011
00111001101010101010101010101010 00111111001010101010101010101011
00111001101010101010101010101010 10111111001010101010101010101011
00111001101010101010101010101010 00111111101010101010101010101011
00111001101010101010101010101010 10111111101010101010101010101011
00111001101010101010101010101010 01000000001010101010101010101011
00111001101010101010101010101010 11000000001010101010101010101011
00111001101010101010101010101010 01111111001010101010101010101011
00111001101010101010101010101010 11111111001010101010101010101011
00111001101010101010101010101010 01111111101010101010101010101011
00111001101010101010101010101010 11111111101010101010101010101011
00111001101010101010101010101010 00110011101010101010101010101011
00111001101010101010101010101010 10110011101010101010101010101011
00111001101010101010101010101010 01100011001010101010101010101011
00111001101010101010101010101010 11100011001010101010101010101011
00111001101010101010101010101010 00110100101010101010101010101011
00111001101010101010101010101010 10110100101010101010101010101011
00111001101010101010101010101010 00111001101010101010101010101011
00111001101010101010101010101010 10111001101010101010101010101011
00111001101010101010101010101010 00101000101010101010101010101011
00111001101010101010101010101010 10101000101010101010101010101011
00111001101010101010101010101010 00100101001010101010101010101011
00111001101010101010101010101010 10100101001010101010101010101011
00111001101010101010101010101010 01110110001010101010101010101011
00111001101010101010101010101010 11110110001010101010101010101011
00111001101010101010101010101010 00010100101010101010101010101011
00111001101010101010101010101010 10010100101010101010101010101011
00111001101010101010101010101010 01100110101010101010101010101011
00111001101010101010101010101010 11100110101010101010101010101011
00111001101010101010101010101010 01011101001010101010101010101011
00111001101010101010101010101010 11011101001010101010101010101011
00111001101010101010101010101010 01010101101010101010101010101011
00111001101010101010101010101010 11010101101010101010101010101011
00111001101010101010101010101010 01111001001010101010101010101011
00111001101010101010101010101010 11111001001010101010101010101011
00111001101010101010101010101010 01111101101010101010101010101011
00111001101010101010101010101010 11111101101010101010101010101011
00111001101010101010101010101010 01110001101010101010101010101011
00111001101010101010101010101010 11110001101010101010101010101011
00101000101010101010101010101010 00000000001010101010101010101011
00101000101010101010101010101010 10000000001010101010101010101011
00101000101010101010101010101010 00000000101010101010101010101011
00101000101010101010101010101010 10000000101010101010101010101011
00101000101010101010101010101010 00000100101010101010101010101011
00101000101010101010101010101010 10000100101010101010101010101011
00101000101010101010101010101010 00000101001010101010101010101011
00101000101010101010101010101010 10000101001010101010101010101011
00101000101010101010101010101010 00110001101010101010101010101011
00101000101010101010101010101010 10110001101010101010101010101011
00101000101010101010101010101010 00110010001010101010101010101011
00101000101010101010101010101010 10110010001010101010101010101011
00101000101010101010101010101010 00110010101010101010101010101011
00101000101010101010101010101010 10110010101010101010101010101011
00101000101010101010101010101010 00111111001010101010101010101011
00101000101010101010101010101010 10111111001010101010101010101011
00101000101010101010101010101010 00111111101010101010101010101011
00101000101010101010101010101010 10111111101010101010101010101011
00101000101010101010101010101010 01000000001010101010101010101011
00101000101010101010101010101010 11000000001010101010101010101011
00101000101010101010101010101010 01111111001010101010101010101011
00101000101010101010101010101010 11111111001010101010101010101011
00101000101010101010101010101010 01111111101010101010101010101011
00101000101010101010101010101010 11111111101010101010101010101011
00101000101010101010101010101010 00110011101010101010101010101011
00101000101010101010101010101010 10110011101010101010101010101011
00101000101010101010101010101010 01100011001010101010101010101011
00101000101010101010101010101010 11100011001010101010101010101011
00101000101010101010101010101010 00110100101010101010101010101011
00101000101010101010101010101010 10110100101010101010101010101011
00101000101010101010101010101010 00111001101010101010101010101011
00101000101010101010101010101010 10111001101010101010101010101011
00101000101010101010101010101010 00101000101010101010101010101011
00101000101010101010101010101010 10101000101010101010101010101011
00101000101010101010101010101010 00100101001010101010101010101011
00101000101010101010101010101010 10100101001010101010101010101011
00101000101010101010101010101010 01110110001010101010101010101011
00101000101010101010101010101010 11110110001010101010101010101011
00101000101010101010101010101010 00010100101010101010101010101011
00101000101010101010101010101010 10010100101010101010101010101011
00101000101010101010101010101010 01100110101010101010101010101011
00101000101010101010101010101010 11100110101010101010101010101011
00101000101010101010101010101010 01011101001010101010101010101011
00101000101010101010101010101010 11011101001010101010101010101011
00101000101010101010101010101010 01010101101010101010101010101011
00101000101010101010101010101010 11010101101010101010101010101011
00101000101010101010101010101010 01111001001010101010101010101011
00101000101010101010101010101010 11111001001010101010101010101011
00101000101010101010101010101010 01111101101010101010101010101011
00101000101010101010101010101010 11111101101010101010101010101011
00101000101010101010101010101010 01110001101010101010101010101011
00101000101010101010101010101010 11110001101010101010101010101011
00100101001010101010101010101010 00000000001010101010101010101011
00100101001010101010101010101010 10000000001010101010101010101011
00100101001010101010101010101010 00000000101010101010101010101011
00100101001010101010101010101010 10000000101010101010101010101011
00100101001010101010101010101010 00000100101010101010101010101011
00100101001010101010101010101010 10000100101010101010101010101011
00100101001010101010101010101010 00000101001010101010101010101011
00100101001010101010101010101010 10000101001010101010101010101011
00100101001010101010101010101010 00110001101010101010101010101011
00100101001010101010101010101010 10110001101010101010101010101011
00100101001010101010101010101010 00110010001010101010101010101011
00100101001010101010101010101010 10110010001010101010101010101011
00100101001010101010101010101010 00110010101010101010101010101011
00100101001010101010101010101010 10110010101010101010101010101011
00100101001010101010101010101010 00111111001010101010101010101011
00100101001010101010101010101010 10111111001010101010101010101011
00100101001010101010101010101010 00111111101010101010101010101011
00100101001010101010101010101010 10111111101010101010101010101011
00100101001010101010101010101010 01000000001010101010101010101011
00100101001010101010101010101010 11000000001010101010101010101011
00100101001010101010101010101010 01111111001010101010101010101011
00100101001010101010101010101010 11111111001010101010101010101011
00100101001010101010101010101010 01111111101010101010101010101011
00100101001010101010101010101010 11111111101010101010101010101011
00100101001010101010101010101010 00110011101010101010101010101011
00100101001010101010101010101010 10110011101010101010101010101011
00100101001010101010101010101010 01100011001010101010101010101011
00100101001010101010101010101010 11100011001010101010101010101011
00100101001010101010101010101010 00110100101010101010101010101011
00100101001010101010101010101010 10110100101010101010101010101011
00100101001010101010101010101010 00111001101010101010101010101011
00100101001010101010101010101010 10111001101010101010101010101011
00100101001010101010101010101010 00101000101010101010101010101011
00100101001010101010101010101010 10101000101010101010101010101011
00100101001010101010101010101010 00100101001010101010101010101011
00100101001010101010101010101010 10100101001010101010101010101011
00100101001010101010101010101010 01110110001010101010101010101011
00100101001010101010101010101010 11110110001010101010101010101011
00100101001010101010101010101010 00010100101010101010101010101011
00100101001010101010101010101010 10010100101010101010101010101011
00100101001010101010101010101010 01100110101010101010101010101011
00100101001010101010101010101010 11100110101010101010101010101011
00100101001010101010101010101010 01011101001010101010101010101011
00100101001010101010101010101010 11011101001010101010101010101011
00100101001010101010101010101010 01010101101010101010101010101011
00100101001010101010101010101010 11010101101010101010101010101011
00100101001010101010101010101010 01111001001010101010101010101011
00100101001010101010101010101010 11111001001010101010101010101011
00100101001010101010101010101010 01111101101010101010101010101011
00100101001010101010101010101010 11111101101010101010101010101011
00100101001010101010101010101010 01110001101010101010101010101011
00100101001010101010101010101010 11110001101010101010101010101011
01110110001010101010101010101010 00000000001010101010101010101011
01110110001010101010101010101010 10000000001010101010101010101011
01110110001010101010101010101010 00000000101010101010101010101011
01110110001010101010101010101010 10000000101010101010101010101011
01110110001010101010101010101010 00000100101010101010101010101011
01110110001010101010101010101010 10000100101010101010101010101011
01110110001010101010101010101010 00000101001010101010101010101011
01110110001010101010101010101010 10000101001010101010101010101011
01110110001010101010101010101010 00110001101010101010101010101011
01110110001010101010101010101010 10110001101010101010101010101011
01110110001010101010101010101010 00110010001010101010101010101011
01110110001010101010101010101010 10110010001010101010101010101011
01110110001010101010101010101010 00110010101010101010101010101011
01110110001010101010101010101010 10110010101010101010101010101011
01110110001010101010101010101010 00111111001010101010101010101011
01110110001010101010101010101010 10111111001010101010101010101011
01110110001010101010101010101010 00111111101010101010101010101011
01110110001010101010101010101010 10111111101010101010101010101011
01110110001010101010101010101010 01000000001010101010101010101011
01110110001010101010101010101010 11000000001010101010101010101011
01110110001010101010101010101010 01111111001010101010101010101011
01110110001010101010101010101010 11111111001010101010101010101011
01110110001010101010101010101010 01111111101010101010101010101011
01110110001010101010101010101010 11111111101010101010101010101011
01110110001010101010101010101010 00110011101010101010101010101011
01110110001010101010101010101010 10110011101010101010101010101011
01110110001010101010101010101010 01100011001010101010101010101011
01110110001010101010101010101010 11100011001010101010101010101011
01110110001010101010101010101010 00110100101010101010101010101011
01110110001010101010101010101010 10110100101010101010101010101011
01110110001010101010101010101010 00111001101010101010101010101011
01110110001010101010101010101010 10111001101010101010101010101011
01110110001010101010101010101010 00101000101010101010101010101011
01110110001010101010101010101010 10101000101010101010101010101011
01110110001010101010101010101010 00100101001010101010101010101011
01110110001010101010101010101010 10100101001010101010101010101011
01110110001010101010101010101010 01110110001010101010101010101011
01110110001010101010101010101010 11110110001010101010101010101011
01110110001010101010101010101010 00010100101010101010101010101011
01110110001010101010101010101010 10010100101010101010101010101011
01110110001010101010101010101010 01100110101010101010101010101011
01110110001010101010101010101010 11100110101010101010101010101011
01110110001010101010101010101010 01011101001010101010101010101011
01110110001010101010101010101010 11011101001010101010101010101011
01110110001010101010101010101010 01010101101010101010101010101011
01110110001010101010101010101010 11010101101010101010101010101011
01110110001010101010101010101010 01111001001010101010101010101011
01110110001010101010101010101010 11111001001010101010101010101011
01110110001010101010101010101010 01111101101010101010101010101011
01110110001010101010101010101010 11111101101010101010101010101011
01110110001010101010101010101010 01110001101010101010101010101011
01110110001010101010101010101010 11110001101010101010101010101011
00010100101010101010101010101010 00000000001010101010101010101011
00010100101010101010101010101010 10000000001010101010101010101011
00010100101010101010101010101010 00000000101010101010101010101011
00010100101010101010101010101010 10000000101010101010101010101011
00010100101010101010101010101010 00000100101010101010101010101011
00010100101010101010101010101010 10000100101010101010101010101011
00010100101010101010101010101010 00000101001010101010101010101011
00010100101010101010101010101010 10000101001010101010101010101011
00010100101010101010101010101010 00110001101010101010101010101011
00010100101010101010101010101010 10110001101010101010101010101011
00010100101010101010101010101010 00110010001010101010101010101011
00010100101010101010101010101010 10110010001010101010101010101011
00010100101010101010101010101010 00110010101010101010101010101011
00010100101010101010101010101010 10110010101010101010101010101011
00010100101010101010101010101010 00111111001010101010101010101011
00010100101010101010101010101010 10111111001010101010101010101011
00010100101010101010101010101010 00111111101010101010101010101011
00010100101010101010101010101010 10111111101010101010101010101011
00010100101010101010101010101010 01000000001010101010101010101011
00010100101010101010101010101010 11000000001010101010101010101011
00010100101010101010101010101010 01111111001010101010101010101011
00010100101010101010101010101010 11111111001010101010101010101011
00010100101010101010101010101010 01111111101010101010101010101011
00010100101010101010101010101010 11111111101010101010101010101011
00010100101010101010101010101010 00110011101010101010101010101011
00010100101010101010101010101010 10110011101010101010101010101011
00010100101010101010101010101010 01100011001010101010101010101011
00010100101010101010101010101010 11100011001010101010101010101011
00010100101010101010101010101010 00110100101010101010101010101011
00010100101010101010101010101010 10110100101010101010101010101011
00010100101010101010101010101010 00111001101010101010101010101011
00010100101010101010101010101010 10111001101010101010101010101011
00010100101010101010101010101010 00101000101010101010101010101011
00010100101010101010101010101010 10101000101010101010101010101011
00010100101010101010101010101010 00100101001010101010101010101011
00010100101010101010101010101010 10100101001010101010101010101011
00010100101010101010101010101010 01110110001010101010101010101011
00010100101010101010101010101010 11110110001010101010101010101011
00010100101010101010101010101010 00010100101010101010101010101011
00010100101010101010101010101010 10010100101010101010101010101011
00010100101010101010101010101010 01100110101010101010101010101011
00010100101010101010101010101010 11100110101010101010101010101011
00010100101010101010101010101010 01011101001010101010101010101011
00010100101010101010101010101010 11011101001010101010101010101011
00010100101010101010101010101010 01010101101010101010101010101011
00010100101010101010101010101010 11010101101010101010101010101011
00010100101010101010101010101010 01111001001010101010101010101011
00010100101010101010101010101010 11111001001010101010101010101011
00010100101010101010101010101010 01111101101010101010101010101011
00010100101010101010101010101010 11111101101010101010101010101011
00010100101010101010101010101010 01110001101010101010101010101011
00010100101010101010101010101010 11110001101010101010101010101011
01100110101010101010101010101010 00000000001010101010101010101011
01100110101010101010101010101010 10000000001010101010101010101011
01100110101010101010101010101010 00000000101010101010101010101011
01100110101010101010101010101010 10000000101010101010101010101011
01100110101010101010101010101010 00000100101010101010101010101011
01100110101010101010101010101010 10000100101010101010101010101011
01100110101010101010101010101010 00000101001010101010101010101011
01100110101010101010101010101010 10000101001010101010101010101011
01100110101010101010101010101010 00110001101010101010101010101011
01100110101010101010101010101010 10110001101010101010101010101011
01100110101010101010101010101010 00110010001010101010101010101011
01100110101010101010101010101010 10110010001010101010101010101011
01100110101010101010101010101010 00110010101010101010101010101011
01100110101010101010101010101010 10110010101010101010101010101011
01100110101010101010101010101010 00111111001010101010101010101011
01100110101010101010101010101010 10111111001010101010101010101011
01100110101010101010101010101010 00111111101010101010101010101011
01100110101010101010101010101010 10111111101010101010101010101011
01100110101010101010101010101010 01000000001010101010101010101011
01100110101010101010101010101010 11000000001010101010101010101011
01100110101010101010101010101010 01111111001010101010101010101011
01100110101010101010101010101010 11111111001010101010101010101011
01100110101010101010101010101010 01111111101010101010101010101011
01100110101010101010101010101010 11111111101010101010101010101011
01100110101010101010101010101010 00110011101010101010101010101011
01100110101010101010101010101010 10110011101010101010101010101011
01100110101010101010101010101010 01100011001010101010101010101011
01100110101010101010101010101010 11100011001010101010101010101011
01100110101010101010101010101010 00110100101010101010101010101011
01100110101010101010101010101010 10110100101010101010101010101011
01100110101010101010101010101010 00111001101010101010101010101011
01100110101010101010101010101010 10111001101010101010101010101011
01100110101010101010101010101010 00101000101010101010101010101011
01100110101010101010101010101010 10101000101010101010101010101011
01100110101010101010101010101010 00100101001010101010101010101011
01100110101010101010101010101010 10100101001010101010101010101011
01100110101010101010101010101010 01110110001010101010101010101011
01100110101010101010101010101010 11110110001010101010101010101011
01100110101010101010101010101010 00010100101010101010101010101011
01100110101010101010101010101010 10010100101010101010101010101011
01100110101010101010101010101010 01100110101010101010101010101011
01100110101010101010101010101010 11100110101010101010101010101011
01100110101010101010101010101010 01011101001010101010101010101011
01100110101010101010101010101010 11011101001010101010101010101011
01100110101010101010101010101010 01010101101010101010101010101011
01100110101010101010101010101010 11010101101010101010101010101011
01100110101010101010101010101010 01111001001010101010101010101011
01100110101010101010101010101010 11111001001010101010101010101011
01100110101010101010101010101010 01111101101010101010101010101011
01100110101010101010101010101010 11111101101010101010101010101011
01100110101010101010101010101010 01110001101010101010101010101011
01100110101010101010101010101010 11110001101010101010101010101011
01011101001010101010101010101010 00000000001010101010101010101011
01011101001010101010101010101010 10000000001010101010101010101011
01011101001010101010101010101010 00000000101010101010101010101011
01011101001010101010101010101010 10000000101010101010101010101011
01011101001010101010101010101010 00000100101010101010101010101011
01011101001010101010101010101010 10000100101010101010101010101011
01011101001010101010101010101010 00000101001010101010101010101011
01011101001010101010101010101010 10000101001010101010101010101011
01011101001010101010101010101010 00110001101010101010101010101011
01011101001010101010101010101010 10110001101010101010101010101011
01011101001010101010101010101010 00110010001010101010101010101011
01011101001010101010101010101010 10110010001010101010101010101011
01011101001010101010101010101010 00110010101010101010101010101011
01011101001010101010101010101010 10110010101010101010101010101011
01011101001010101010101010101010 00111111001010101010101010101011
01011101001010101010101010101010 10111111001010101010101010101011
01011101001010101010101010101010 00111111101010101010101010101011
01011101001010101010101010101010 10111111101010101010101010101011
01011101001010101010101010101010 01000000001010101010101010101011
01011101001010101010101010101010 11000000001010101010101010101011
01011101001010101010101010101010 01111111001010101010101010101011
01011101001010101010101010101010 11111111001010101010101010101011
01011101001010101010101010101010 01111111101010101010101010101011
01011101001010101010101010101010 11111111101010101010101010101011
01011101001010101010101010101010 00110011101010101010101010101011
01011101001010101010101010101010 10110011101010101010101010101011
01011101001010101010101010101010 01100011001010101010101010101011
01011101001010101010101010101010 11100011001010101010101010101011
01011101001010101010101010101010 00110100101010101010101010101011
01011101001010101010101010101010 10110100101010101010101010101011
01011101001010101010101010101010 00111001101010101010101010101011
01011101001010101010101010101010 10111001101010101010101010101011
01011101001010101010101010101010 00101000101010101010101010101011
01011101001010101010101010101010 10101000101010101010101010101011
01011101001010101010101010101010 00100101001010101010101010101011
01011101001010101010101010101010 10100101001010101010101010101011
01011101001010101010101010101010 01110110001010101010101010101011
01011101001010101010101010101010 11110110001010101010101010101011
01011101001010101010101010101010 00010100101010101010101010101011
01011101001010101010101010101010 10010100101010101010101010101011
01011101001010101010101010101010 01100110101010101010101010101011
01011101001010101010101010101010 11100110101010101010101010101011
01011101001010101010101010101010 01011101001010101010101010101011
01011101001010101010101010101010 11011101001010101010101010101011
01011101001010101010101010101010 01010101101010101010101010101011
01011101001010101010101010101010 11010101101010101010101010101011
01011101001010101010101010101010 01111001001010101010101010101011
01011101001010101010101010101010 11111001001010101010101010101011
01011101001010101010101010101010 01111101101010101010101010101011
01011101001010101010101010101010 11111101101010101010101010101011
01011101001010101010101010101010 01110001101010101010101010101011
01011101001010101010101010101010 11110001101010101010101010101011
01010101101010101010101010101010 00000000001010101010101010101011
01010101101010101010101010101010 10000000001010101010101010101011
01010101101010101010101010101010 00000000101010101010101010101011
01010101101010101010101010101010 10000000101010101010101010101011
01010101101010101010101010101010 00000100101010101010101010101011
01010101101010101010101010101010 10000100101010101010101010101011
01010101101010101010101010101010 00000101001010101010101010101011
01010101101010101010101010101010 10000101001010101010101010101011
01010101101010101010101010101010 00110001101010101010101010101011
01010101101010101010101010101010 10110001101010101010101010101011
01010101101010101010101010101010 00110010001010101010101010101011
01010101101010101010101010101010 10110010001010101010101010101011
01010101101010101010101010101010 00110010101010101010101010101011
01010101101010101010101010101010 10110010101010101010101010101011
01010101101010101010101010101010 00111111001010101010101010101011
01010101101010101010101010101010 10111111001010101010101010101011
01010101101010101010101010101010 00111111101010101010101010101011
01010101101010101010101010101010 10111111101010101010101010101011
01010101101010101010101010101010 01000000001010101010101010101011
01010101101010101010101010101010 11000000001010101010101010101011
01010101101010101010101010101010 01111111001010101010101010101011
01010101101010101010101010101010 11111111001010101010101010101011
01010101101010101010101010101010 01111111101010101010101010101011
01010101101010101010101010101010 11111111101010101010101010101011
01010101101010101010101010101010 00110011101010101010101010101011
01010101101010101010101010101010 10110011101010101010101010101011
01010101101010101010101010101010 01100011001010101010101010101011
01010101101010101010101010101010 11100011001010101010101010101011
01010101101010101010101010101010 00110100101010101010101010101011
01010101101010101010101010101010 10110100101010101010101010101011
01010101101010101010101010101010 00111001101010101010101010101011
01010101101010101010101010101010 10111001101010101010101010101011
01010101101010101010101010101010 00101000101010101010101010101011
01010101101010101010101010101010 10101000101010101010101010101011
01010101101010101010101010101010 00100101001010101010101010101011
01010101101010101010101010101010 10100101001010101010101010101011
01010101101010101010101010101010 01110110001010101010101010101011
01010101101010101010101010101010 11110110001010101010101010101011
01010101101010101010101010101010 00010100101010101010101010101011
01010101101010101010101010101010 10010100101010101010101010101011
01010101101010101010101010101010 01100110101010101010101010101011
01010101101010101010101010101010 11100110101010101010101010101011
01010101101010101010101010101010 01011101001010101010101010101011
01010101101010101010101010101010 11011101001010101010101010101011
01010101101010101010101010101010 01010101101010101010101010101011
01010101101010101010101010101010 11010101101010101010101010101011
01010101101010101010101010101010 01111001001010101010101010101011
01010101101010101010101010101010 11111001001010101010101010101011
01010101101010101010101010101010 01111101101010101010101010101011
01010101101010101010101010101010 11111101101010101010101010101011
01010101101010101010101010101010 01110001101010101010101010101011
01010101101010101010101010101010 11110001101010101010101010101011
01111001001010101010101010101010 00000000001010101010101010101011
01111001001010101010101010101010 10000000001010101010101010101011
01111001001010101010101010101010 00000000101010101010101010101011
01111001001010101010101010101010 10000000101010101010101010101011
01111001001010101010101010101010 00000100101010101010101010101011
01111001001010101010101010101010 10000100101010101010101010101011
01111001001010101010101010101010 00000101001010101010101010101011
01111001001010101010101010101010 10000101001010101010101010101011
01111001001010101010101010101010 00110001101010101010101010101011
01111001001010101010101010101010 10110001101010101010101010101011
01111001001010101010101010101010 00110010001010101010101010101011
01111001001010101010101010101010 10110010001010101010101010101011
01111001001010101010101010101010 00110010101010101010101010101011
01111001001010101010101010101010 10110010101010101010101010101011
01111001001010101010101010101010 00111111001010101010101010101011
01111001001010101010101010101010 10111111001010101010101010101011
01111001001010101010101010101010 00111111101010101010101010101011
01111001001010101010101010101010 10111111101010101010101010101011
01111001001010101010101010101010 01000000001010101010101010101011
01111001001010101010101010101010 11000000001010101010101010101011
01111001001010101010101010101010 01111111001010101010101010101011
01111001001010101010101010101010 11111111001010101010101010101011
01111001001010101010101010101010 01111111101010101010101010101011
01111001001010101010101010101010 11111111101010101010101010101011
01111001001010101010101010101010 00110011101010101010101010101011
01111001001010101010101010101010 10110011101010101010101010101011
01111001001010101010101010101010 01100011001010101010101010101011
01111001001010101010101010101010 11100011001010101010101010101011
01111001001010101010101010101010 00110100101010101010101010101011
01111001001010101010101010101010 10110100101010101010101010101011
01111001001010101010101010101010 00111001101010101010101010101011
01111001001010101010101010101010 10111001101010101010101010101011
01111001001010101010101010101010 00101000101010101010101010101011
01111001001010101010101010101010 10101000101010101010101010101011
01111001001010101010101010101010 00100101001010101010101010101011
01111001001010101010101010101010 10100101001010101010101010101011
01111001001010101010101010101010 01110110001010101010101010101011
01111001001010101010101010101010 11110110001010101010101010101011
01111001001010101010101010101010 00010100101010101010101010101011
01111001001010101010101010101010 10010100101010101010101010101011
01111001001010101010101010101010 01100110101010101010101010101011
01111001001010101010101010101010 11100110101010101010101010101011
01111001001010101010101010101010 01011101001010101010101010101011
01111001001010101010101010101010 11011101001010101010101010101011
01111001001010101010101010101010 01010101101010101010101010101011
01111001001010101010101010101010 11010101101010101010101010101011
01111001001010101010101010101010 01111001001010101010101010101011
01111001001010101010101010101010 11111001001010101010101010101011
01111001001010101010101010101010 01111101101010101010101010101011
01111001001010101010101010101010 11111101101010101010101010101011
01111001001010101010101010101010 01110001101010101010101010101011
01111001001010101010101010101010 11110001101010101010101010101011
01111101101010101010101010101010 00000000001010101010101010101011
01111101101010101010101010101010 10000000001010101010101010101011
01111101101010101010101010101010 00000000101010101010101010101011
01111101101010101010101010101010 10000000101010101010101010101011
01111101101010101010101010101010 00000100101010101010101010101011
01111101101010101010101010101010 10000100101010101010101010101011
01111101101010101010101010101010 00000101001010101010101010101011
01111101101010101010101010101010 10000101001010101010101010101011
01111101101010101010101010101010 00110001101010101010101010101011
01111101101010101010101010101010 10110001101010101010101010101011
01111101101010101010101010101010 00110010001010101010101010101011
01111101101010101010101010101010 10110010001010101010101010101011
01111101101010101010101010101010 00110010101010101010101010101011
01111101101010101010101010101010 10110010101010101010101010101011
01111101101010101010101010101010 00111111001010101010101010101011
01111101101010101010101010101010 10111111001010101010101010101011
01111101101010101010101010101010 00111111101010101010101010101011
01111101101010101010101010101010 10111111101010101010101010101011
01111101101010101010101010101010 01000000001010101010101010101011
01111101101010101010101010101010 11000000001010101010101010101011
01111101101010101010101010101010 01111111001010101010101010101011
01111101101010101010101010101010 11111111001010101010101010101011
01111101101010101010101010101010 01111111101010101010101010101011
01111101101010101010101010101010 11111111101010101010101010101011
01111101101010101010101010101010 00110011101010101010101010101011
01111101101010101010101010101010 10110011101010101010101010101011
01111101101010101010101010101010 01100011001010101010101010101011
01111101101010101010101010101010 11100011001010101010101010101011
01111101101010101010101010101010 00110100101010101010101010101011
01111101101010101010101010101010 10110100101010101010101010101011
01111101101010101010101010101010 00111001101010101010101010101011
01111101101010101010101010101010 10111001101010101010101010101011
01111101101010101010101010101010 00101000101010101010101010101011
01111101101010101010101010101010 10101000101010101010101010101011
01111101101010101010101010101010 00100101001010101010101010101011
01111101101010101010101010101010 10100101001010101010101010101011
01111101101010101010101010101010 01110110001010101010101010101011
01111101101010101010101010101010 11110110001010101010101010101011
01111101101010101010101010101010 00010100101010101010101010101011
01111101101010101010101010101010 10010100101010101010101010101011
01111101101010101010101010101010 01100110101010101010101010101011
01111101101010101010101010101010 11100110101010101010101010101011
01111101101010101010101010101010 01011101001010101010101010101011
01111101101010101010101010101010 11011101001010101010101010101011
01111101101010101010101010101010 01010101101010101010101010101011
01111101101010101010101010101010 11010101101010101010101010101011
01111101101010101010101010101010 01111001001010101010101010101011
01111101101010101010101010101010 11111001001010101010101010101011
01111101101010101010101010101010 01111101101010101010101010101011
01111101101010101010101010101010 11111101101010101010101010101011
01111101101010101010101010101010 01110001101010101010101010101011
01111101101010101010101010101010 11110001101010101010101010101011
01110001101010101010101010101010 00000000001010101010101010101011
01110001101010101010101010101010 10000000001010101010101010101011
01110001101010101010101010101010 00000000101010101010101010101011
01110001101010101010101010101010 10000000101010101010101010101011
01110001101010101010101010101010 00000100101010101010101010101011
01110001101010101010101010101010 10000100101010101010101010101011
01110001101010101010101010101010 00000101001010101010101010101011
01110001101010101010101010101010 10000101001010101010101010101011
01110001101010101010101010101010 00110001101010101010101010101011
01110001101010101010101010101010 10110001101010101010101010101011
01110001101010101010101010101010 00110010001010101010101010101011
01110001101010101010101010101010 10110010001010101010101010101011
01110001101010101010101010101010 00110010101010101010101010101011
01110001101010101010101010101010 10110010101010101010101010101011
01110001101010101010101010101010 00111111001010101010101010101011
01110001101010101010101010101010 10111111001010101010101010101011
01110001101010101010101010101010 00111111101010101010101010101011
01110001101010101010101010101010 10111111101010101010101010101011
01110001101010101010101010101010 01000000001010101010101010101011
01110001101010101010101010101010 11000000001010101010101010101011
01110001101010101010101010101010 01111111001010101010101010101011
01110001101010101010101010101010 11111111001010101010101010101011
01110001101010101010101010101010 01111111101010101010101010101011
01110001101010101010101010101010 11111111101010101010101010101011
01110001101010101010101010101010 00110011101010101010101010101011
01110001101010101010101010101010 10110011101010101010101010101011
01110001101010101010101010101010 01100011001010101010101010101011
01110001101010101010101010101010 11100011001010101010101010101011
01110001101010101010101010101010 00110100101010101010101010101011
01110001101010101010101010101010 10110100101010101010101010101011
01110001101010101010101010101010 00111001101010101010101010101011
01110001101010101010101010101010 10111001101010101010101010101011
01110001101010101010101010101010 00101000101010101010101010101011
01110001101010101010101010101010 10101000101010101010101010101011
01110001101010101010101010101010 00100101001010101010101010101011
01110001101010101010101010101010 10100101001010101010101010101011
01110001101010101010101010101010 01110110001010101010101010101011
01110001101010101010101010101010 11110110001010101010101010101011
01110001101010101010101010101010 00010100101010101010101010101011
01110001101010101010101010101010 10010100101010101010101010101011
01110001101010101010101010101010 01100110101010101010101010101011
01110001101010101010101010101010 11100110101010101010101010101011
01110001101010101010101010101010 01011101001010101010101010101011
01110001101010101010101010101010 11011101001010101010101010101011
01110001101010101010101010101010 01010101101010101010101010101011
01110001101010101010101010101010 11010101101010101010101010101011
01110001101010101010101010101010 01111001001010101010101010101011
01110001101010101010101010101010 11111001001010101010101010101011
01110001101010101010101010101010 01111101101010101010101010101011
01110001101010101010101010101010 11111101101010101010101010101011
01110001101010101010101010101010 01110001101010101010101010101011
01110001101010101010101010101010 11110001101010101010101010101011
